60 20 155
19 65 156
192 158 223
165 71 185
31 2 149
236 192 244
102 26 50
220 205 108
173 172 107
108 220 104
217 225 237
205 63 219
18 158 80
167 196 211
245 203 0
103 250 1
106 126 192
5 166 188
170 218 144
60 208 38
166 237 32
195 229 64
179 221 180
67 41 223
246 222 155
133 169 84
130 42 26
46 99 238
235 69 193
71 202 147
138 121 175
65 50 155
145 255 239
77 22 18
7 133 124
234 228 48
175 110 234
55 179 110
182 8 235
71 137 91
1 38 48
35 188 44
143 230 31
41 31 15
120 79 148
44 150 199
158 200 101
96 89 164
11 192 6
149 250 159
171 95 139
166 231 228
155 30 51
63 121 60
43 23 229
28 156 204
119 230 223
168 196 131
2 27 172
160 220 154
5 102 90
111 118 63
131 199 108
114 162 40
232 151 155
198 158 146
44 186 163
114 105 246
66 141 120
169 96 174
205 186 243
100 90 102
16 134 158
32 126 129
177 200 252
114 208 8
91 21 100
53 179 225
79 157 236
197 106 35
4 76 190
179 25 116
30 8 92
183 224 160
39 38 185
220 67 38
248 25 221
14 234 143
242 115 244
57 58 0
202 18 12
92 140 82
82 130 36
31 110 144
7 137 95
32 220 212
22 87 251
104 0 34
159 37 3
27 114 82
49 106 49
166 226 129
52 255 158
248 135 227
174 231 54
102 231 57
251 122 22
183 26 206
52 136 216
216 33 127
183 209 243
229 95 227
146 196 230
47 48 12
245 160 143
29 189 249
137 218 118
142 2 146
1 90 243
11 10 93
55 139 131
12 122 43
78 10 140
1 203 135
0 164 170
180 127 29
229 90 248
192 10 9
163 213 21
250 239 228
19 207 94
136 119 80
163 126 6
244 37 201
215 95 207
92 169 184
65 87 255
179 92 146
127 195 183
200 63 247
180 129 7
125 90 75
239 196 39
120 203 240
98 194 95
24 66 161
171 196 163
207 125 6
5 112 133
246 118 39
183 228 127
247 241 76
124 52 168
221 228 227
225 206 37
177 70 167
25 169 48
241 51 12
74 203 239
179 244 180
30 13 104
43 221 0
215 138 65
204 205 134
39 134 155
194 30 14
152 126 41
145 85 178
89 129 68
183 142 113
251 138 173
250 2 200
35 53 58
158 187 114
10 186 225
65 85 248
103 182 149
244 252 137
223 38 95
114 62 182
22 108 168
170 174 217
204 147 183
206 214 1
52 187 156
20 130 37
12 161 168
134 106 24
89 55 244
132 1 15
17 31 29
41 70 144
106 245 210
145 30 109
135 25 171
109 77 119
30 158 86
248 103 1
223 136 138
75 222 104
151 185 76
91 53 35
113 248 169
159 183 33
192 2 94
32 168 11
153 137 104
208 230 20
198 244 164
237 28 15
119 110 38
181 37 112
238 120 97
177 174 136
142 140 46
51 2 20
51 26 74
64 172 45
207 193 138
58 153 236
40 187 20
37 48 159
38 204 99
182 140 16
181 220 109
47 220 185
216 180 64
6 225 102
83 251 225
143 221 192
134 8 41
130 34 42
158 209 113
96 139 58
222 1 231
192 21 200
249 236 148
230 50 209
190 5 54
155 35 232
176 100 46
251 164 204
183 47 214
222 129 243
101 0 106
144 73 78
22 127 209
75 179 128
56 78 69
98 190 203
49 130 218
164 12 22
225 37 244
26 149 210
5 183 204
72 243 113
195 142 248
14 6 216
170 127 130
36 14 16
242 172 146
202 149 111
148 114 18
195 116 152
116 186 16
34 188 225
27 208 32
75 5 176
151 183 42
226 180 147
240 235 72
81 32 113
168 26 25
66 38 158
30 208 22
229 118 229
54 202 20
245 218 14
63 209 32
111 250 127
63 162 22
151 188 173
255 38 222
38 118 174
190 50 23
143 39 237
47 116 223
141 134 178
65 134 86
114 18 25
185 236 89
20 7 182
1 117 111
40 200 43
21 243 135
111 128 211
1 3 207
115 73 138
105 11 27
173 21 159
217 210 174
106 209 142
203 138 154
110 47 23
236 145 19
72 52 198
9 181 199
14 122 8
5 137 254
106 126 23
25 59 105
219 3 114
87 150 128
119 52 226
143 110 188
191 168 56
55 19 16
233 158 69
216 56 122
1 2 139
173 136 241
184 167 122
13 150 49
74 148 63
251 175 124
221 33 216
69 107 200
169 221 196
159 136 130
166 26 110
232 253 136
26 172 154
137 5 80
115 144 54
96 148 92
180 137 42
13 166 152
92 192 123
119 149 220
75 72 255
34 128 81
139 180 193
0 24 181
237 201 87
175 97 107
181 203 137
98 101 190
89 144 141
64 190 171
250 183 12
188 184 48
237 125 42
62 196 220
87 70 11
235 176 195
237 143 156
105 39 99
60 214 70
135 58 73
200 43 224
153 22 37
132 50 22
14 125 61
142 14 91
105 63 80
52 98 252
158 102 247
121 210 54
70 85 217
199 194 175
69 150 142
181 172 145
42 95 14
177 149 244
201 208 144
22 254 145
87 123 68
12 85 136
1 150 159
145 33 91
16 177 68
191 51 106
211 118 121
24 16 8
47 143 181
220 149 169
241 165 185
2 200 74
13 48 190
33 160 69
72 166 89
245 198 221
34 229 174
193 87 186
170 224 116
84 230 41
86 79 125
127 253 94
228 140 150
4 22 148
